ANÁLISE PRELIMINAR - DATATHON PEDE 2024
================================================================================

Dimensões: (860, 43)

Estatísticas dos Indicadores:
         count      mean       std    min     25%    50%       75%     max  missing  missing_%
IAN      860.0  6.424419  2.389609  2.500  5.0000  5.000  10.00000  10.000        0        0.0
IDA      860.0  6.092907  2.046209  0.000  4.8000  6.300   7.60000   9.900        0        0.0
IEG      860.0  7.891163  1.638340  0.000  7.0000  8.300   9.10000  10.000        0        0.0
IAA      860.0  8.274419  2.064935  0.000  7.9000  8.800   9.50000  10.000        0        0.0
IPS      860.0  6.905000  1.070707  2.500  6.3000  7.500   7.50000  10.000        0        0.0
IPV      860.0  7.253642  1.093383  2.500  6.7220  7.333   7.91700  10.000        0        0.0
INDE 22  860.0  7.036176  1.017773  3.032  6.4855  7.197   7.75125   9.442        0        0.0

Indicadores por Fase:
           IAN       IDA       IEG       IAA       IPS       IPV   INDE 22
Fase                                                                      
0     6.802632  7.140000  8.088947  8.983158  7.005789  7.557916  7.365553
1     5.742188  6.464062  8.522396  8.640104  7.084375  7.360833  7.199828
2     6.403226  5.406452  8.165806  8.411613  6.821290  7.339781  6.958929
3     6.993243  5.141892  7.068243  7.493243  6.722297  6.548595  6.599865
4     6.480263  6.052632  7.660526  7.714474  6.614474  7.206158  7.005276
5     6.250000  5.873333  7.343333  8.111667  6.863333  7.260667  6.875283
6     5.833333  6.694444  7.027778  6.511111  7.961111  8.215944  7.201167
7     6.190476  5.252381  7.242857  7.014286  6.523810  7.180714  6.635048

Correlações:
              IAN       IDA       IEG       IAA       IPS       IPV   INDE 22
IAN      1.000000  0.145633  0.162230  0.047088  0.034068  0.111095  0.395443
IDA      0.145633  1.000000  0.564137  0.208855  0.131926  0.616620  0.817734
IEG      0.162230  0.564137  1.000000  0.323420  0.093220  0.589178  0.802061
IAA      0.047088  0.208855  0.323420  1.000000  0.111015  0.255590  0.455175
IPS      0.034068  0.131926  0.093220  0.111015  1.000000  0.208391  0.269371
IPV      0.111095  0.616620  0.589178  0.255590  0.208391  1.000000  0.789104
INDE 22  0.395443  0.817734  0.802061  0.455175  0.269371  0.789104  1.000000